Código_UF,Ano,PIB
12,2000,3864.01
12,2001,4309.39
12,2002,4887.09
12,2003,5502.38
12,2004,6415.31
12,2005,6693.55
12,2006,7040.88
12,2007,8188.96
12,2008,9896.16
12,2009,10686.87
12,2010,11384.32753
12,2011,11990.35587
12,2012,13360.7166
12,2013,14777.17569
12,2014,17034.14833
12,2015,16954.05276
12,2016,16841.50719
12,2017,17204.21132
12,2018,17636.88011
12,2019,17722.41372
12,2020,18420.26
27,2000,2752.32
27,2001,2971.45
27,2002,3398.2
27,2003,3841.93
27,2004,4373.05
27,2005,4688.27
27,2006,5162.19
27,2007,5767.56
27,2008,6227.5
27,2009,6728.22
27,2010,8693.917327
27,2011,10071.09559
27,2012,10946.36044
27,2013,11294.53598
27,2014,12335.43786
27,2015,13878.52569
27,2016,14727.38488
27,2017,15655.7577
27,2018,16375.56252
27,2019,17667.79183
27,2020,18857.69
16,2000,4941.04
16,2001,5618.06
16,2002,6372.59
16,2003,6421.04
16,2004,6953.76
16,2005,7335.06
16,2006,8542.82
16,2007,9459.06
16,2008,11032.67
16,2009,11816.64
16,2010,12319.32236
16,2011,13749.96974
16,2012,15933.06032
16,2013,17365.38188
16,2014,17845.34485
16,2015,18079.6569
16,2016,18333.41014
16,2017,19407.64869
16,2018,20247.53243
16,2019,20688.21064
16,2020,21431.53
13,2000,5955.35
13,2001,6223.8
13,2002,7357.39
13,2003,8240.36
13,2004,9778.2
13,2005,10318.33
13,2006,11826.14
13,2007,12399.59
13,2008,14014.13
13,2009,14620.99
13,2010,17488.71717
13,2011,19990.57797
13,2012,20117.79517
13,2013,21810.12499
13,2014,22373.35925
13,2015,21980.90367
13,2016,22250.67253
13,2017,22945.1397
13,2018,24532.9033
13,2019,26101.71532
13,2020,27572.96
29,2000,3559.47
29,2001,3866.75
29,2002,4553.87
29,2003,5070.25
29,2004,5835.26
29,2005,6581.08
29,2006,6918.98
29,2007,7785.69
29,2008,8378.31
29,2009,9364.62
29,2010,11013.10817
29,2011,11817.86949
29,2012,12879.58646
29,2013,13616.21963
29,2014,14803.94512
29,2015,16117.12401
29,2016,16936.98507
29,2017,17512.7908
29,2018,19324.03579
29,2019,19716.21339
29,2020,20449.29
23,2000,3042.41
23,2001,3250.37
23,2002,3775.04
23,2003,4197.42
23,2004,4689.13
23,2005,5055.43
23,2006,5634.94
23,2007,6037.94
23,2008,7111.85
23,2009,7686.67
23,2010,9391.072771
23,2011,10515.14637
23,2012,11268.14973
23,2013,12420.75667
23,2014,14255.05495
23,2015,14670.16115
23,2016,15442.62883
23,2017,16398.44686
23,2018,17178.25632
23,2019,17912.1693
23,2020,18168.35
53,2000,22658.01
53,2001,24564.76
53,2002,26161.33
53,2003,28817.76
53,2004,31663.53
53,2005,34514.72
53,2006,37599.28
53,2007,41061.74
53,2008,45977.56
53,2009,50438.48
53,2010,56252.9001
53,2011,59221.86682
53,2012,61959.35578
53,2013,63054.407
53,2014,69216.7987
53,2015,73970.99071
53,2016,79114.1942
53,2017,80515.46577
53,2018,85661.39366
53,2019,90742.75039
53,2020,87016.16
32,2000,7506.25
32,2001,7712.61
32,2002,8356.79
32,2003,9557.46
32,2004,12192.48
32,2005,13854.93
32,2006,15234.78
32,2007,17143.4
32,2008,20230.85
32,2009,19145.74
32,2010,24286.43624
32,2011,29877.24244
32,2012,32657.46017
32,2013,30545.23766
32,2014,33148.56033
32,2015,30628.16942
32,2016,27496.91864
32,2017,28234.53319
32,2018,34493.11972
32,2019,34177.04837
32,2020,34065.98
52,2000,5246.42
52,2001,5846.72
52,2002,7181.07
52,2003,8072.55
52,2004,8888.92
52,2005,8992.02
52,2006,9956.28
52,2007,11164.88
52,2008,12877.88
52,2009,14446.66
52,2010,17783.02952
52,2011,19947.76945
52,2012,22543.93423
52,2013,23515.54964
52,2014,25296.59706
52,2015,26265.44077
52,2016,27145.09253
52,2017,28316.08749
52,2018,28272.96229
52,2019,29732.39761
52,2020,31506.97
21,2000,2107.22
21,2001,2341.82
21,2002,2662.07
21,2003,3146.82
21,2004,3634.8
21,2005,4150.94
21,2006,4627.71
21,2007,5044.77
21,2008,6103.52
21,2009,6259.46
21,2010,7048.990508
21,2011,7846.1346
21,2012,9009.127144
21,2013,9963.474468
21,2014,11216.36677
21,2015,11366.34626
21,2016,12267.70154
21,2017,12791.40401
21,2018,13955.75381
21,2019,13757.94316
21,2020,15027.69
51,2000,5937.87
51,2001,6369.74
51,2002,8039.65
51,2003,10518.81
51,2004,13700.89
51,2005,13365.07
51,2006,12340.68
51,2007,14667.83
51,2008,18049.81
51,2009,19087.09
51,2010,18655.61084
51,2011,22482.24825
51,2012,25572.10238
51,2013,28035.74813
51,2014,31396.80881
51,2015,32895.04797
51,2016,37476.67033
51,2017,37926.21589
51,2018,39931.12513
51,2019,40787.31948
51,2020,50663.19
50,2000,5447.73
50,2001,6229.87
50,2002,7079.04
50,2003,8883.09
50,2004,9599.19
50,2005,9561.03
50,2006,10592.38
50,2007,12062.84
50,2008,14187.47
50,2009,15406.62
50,2010,19299.3366
50,2011,22253.16965
50,2012,24754.89918
50,2013,26747.58646
50,2014,30137.58393
50,2015,31337.30307
50,2016,34257.66656
50,2017,35529.3811
50,2018,38925.85386
50,2019,38482.83022
50,2020,43649.17
31,2000,5623.47
31,2001,6140.84
31,2002,6966.05
31,2003,8021.35
31,2004,9451.07
31,2005,10013.77
31,2006,11024.75
31,2007,12236.4
31,2008,14232.73
31,2009,14328.33
31,2010,17918.7487
31,2011,20281.34985
31,2012,22275.26741
31,2013,23697.20132
31,2014,24917.12005
31,2015,24885.17417
31,2016,25946.37036
31,2017,27291.10832
31,2018,29223.21645
31,2019,30794.04414
31,2020,32066.73
41,2000,7228.64
41,2001,7881.91
41,2002,9023.0
41,2003,11048.85
41,2004,12224.52
41,2005,12344.46
41,2006,13151.95
41,2007,15371.28
41,2008,16927.32
41,2009,17779.14
41,2010,21572.20901
41,2011,24459.0689
41,2012,27001.96796
41,2013,30323.45656
41,2014,31410.74403
41,2015,33768.89849
41,2016,35739.94233
41,2017,37231.86037
41,2018,38772.7417
41,2019,40788.76949
41,2020,42366.71
25,2000,2711.39
25,2001,3127.7
25,2002,3557.66
25,2003,4023.7
25,2004,4241.02
25,2005,4691.14
25,2006,5506.55
25,2007,6082.37
25,2008,6865.98
25,2009,7617.76
25,2010,8899.381203
25,2011,9787.93286
25,2012,11136.68279
25,2013,11847.80566
25,2014,13422.42055
25,2015,14133.69468
25,2016,14778.35668
25,2017,15500.15564
25,2018,16107.50902
25,2019,16919.84189
25,2020,17402.13
15,2000,3076.43
15,2001,3519.78
15,2002,3975.88
15,2003,4525.42
15,2004,5311.11
15,2005,5612.31
15,2006,6240.06
15,2007,6829.34
15,2008,7992.71
15,2009,7859.17
15,2010,10874.9071
15,2011,12838.59555
15,2012,13741.42351
15,2013,15210.80421
15,2014,15430.53229
15,2015,16011.95055
15,2016,16694.32151
15,2017,18553.75951
15,2018,18952.21224
15,2019,20734.6022
15,2020,24846.62
26,2000,3404.64
26,2001,3776.73
26,2002,4360.25
26,2003,4816.13
26,2004,5341.88
26,2005,5933.46
26,2006,6526.63
26,2007,7246.73
26,2008,8064.95
26,2009,8901.87
26,2010,11049.27318
26,2011,12426.70356
26,2012,14330.82993
26,2013,15328.17347
26,2014,16722.05357
26,2015,16796.22919
26,2016,17783.10905
26,2017,19170.73804
26,2018,19623.65268
26,2019,20702.30288
26,2020,20101.38
22,2000,2132.3
22,2001,2252.94
22,2002,2561.98
22,2003,3002.04
22,2004,3328.69
22,2005,3701.24
22,2006,4211.9
22,2007,4611.3
22,2008,5372.4
22,2009,6051.41
22,2010,7139.80187
22,2011,8260.717478
22,2012,9060.41377
22,2013,9824.736842
22,2014,11808.08342
22,2015,12218.89626
22,2016,12893.71602
22,2017,14091.92898
22,2018,15432.05365
22,2019,16124.99979
22,2020,17184.7
24,2000,3284.31
24,2001,3674.12
24,2002,4275.64
24,2003,4679.6
24,2004,5329.77
24,2005,5950.48
24,2006,6753.08
24,2007,7433.45
24,2008,8202.81
24,2009,8893.61
24,2010,11421.39625
24,2011,12815.66761
24,2012,14377.12568
24,2013,15269.43764
24,2014,15849.32534
24,2015,16632.17786
24,2016,17173.35919
24,2017,18336.45282
24,2018,19249.60319
24,2019,20342.10735
24,2020,20342.11
43,2000,8030.66
43,2001,8953.43
43,2002,10134.75
43,2003,11849.6
43,2004,12986.65
43,2005,13298.13
43,2006,14304.83
43,2007,15939.53
43,2008,18377.73
43,2009,19778.55
43,2010,22556.06957
43,2011,24695.39508
43,2012,26701.10658
43,2013,29764.5509
43,2014,31927.15943
43,2015,33961.01992
43,2016,36219.33532
43,2017,37381.78684
43,2018,40362.745
43,2019,42406.08618
43,2020,41227.61
33,2000,9711.07
33,2001,10447.39
33,2002,11638.58
33,2003,12636.14
33,2004,14830.06
33,2005,16057.38
33,2006,17692.59
33,2007,18856.12
33,2008,21621.36
33,2009,22103.04
33,2010,28127.41217
33,2011,31823.87836
33,2012,35418.15326
33,2013,38378.59366
33,2014,40767.25543
33,2015,39827.06924
33,2016,38494.91226
33,2017,40170.31136
33,2018,44222.65826
33,2019,45174.08005
33,2020,43407.55
11,2000,4309.46
11,2001,4651.54
11,2002,5433.73
11,2003,6697.39
11,2004,7608.7
11,2005,8395.79
11,2006,8389.27
11,2007,9435.52
11,2008,11976.57
11,2009,13455.71
11,2010,15320.64823
11,2011,17491.59626
11,2012,18938.68679
11,2013,18007.84656
11,2014,19462.61289
11,2015,20678.23209
11,2016,22078.455
11,2017,24098.14856
11,2018,25554.31246
11,2019,26497.11534
11,2020,28722.45
14,2000,5476.79
14,2001,6028.53
14,2002,6667.26
14,2003,7660.32
14,2004,7645.01
14,2005,8124.56
14,2006,9074.44
14,2007,10038.02
14,2008,11844.72
14,2009,13270.54
14,2010,14713.54878
14,2011,15871.95738
14,2012,16424.01052
14,2013,18461.8771
14,2014,19608.40492
14,2015,20256.30632
14,2016,21416.98973
14,2017,23160.87898
14,2018,23188.91739
14,2019,23593.83838
14,2020,25387.77
42,2000,8086.07
42,2001,8946.76
42,2002,10082.26
42,2003,11922.0
42,2004,13609.94
42,2005,14542.74
42,2006,15633.12
42,2007,17295.19
42,2008,20368.53
42,2009,21214.59
42,2010,24597.4127
42,2011,27555.30058
42,2012,30046.3824
42,2013,32334.04111
42,2014,36055.8993
42,2015,36526.27985
42,2016,37153.99745
42,2017,39603.46528
42,2018,42149.29587
42,2019,45118.41207
42,2020,48159.24
28,2000,3664.83
28,2001,4412.5
28,2002,5121.47
28,2003,5800.63
28,2004,6393.6
28,2005,6823.52
28,2006,7559.23
28,2007,8308.96
28,2008,9778.96
28,2009,9786.89
28,2010,12768.13221
28,2011,13928.60906
28,2012,15563.83268
28,2013,16093.5454
28,2014,16882.71331
28,2015,17190.1977
28,2016,17158.53068
28,2017,17792.57964
28,2018,18442.62553
28,2019,19441.23228
28,2020,19583.07
35,2000,11453.79
35,2001,12316.67
35,2002,13404.04
35,2003,14979.51
35,2004,16399.03
35,2005,17975.6
35,2006,19550.35
35,2007,21668.43
35,2008,24456.84
35,2009,26202.18
35,2010,31384.92599
35,2011,34546.04616
35,2012,37207.35293
35,2013,39282.96581
35,2014,42197.8705
35,2015,43694.94456
35,2016,45559.13061
35,2017,47028.89316
35,2018,48542.23975
35,2019,51140.82394
35,2020,51364.73
17,2000,3173.22
17,2001,4087.64
17,2002,4645.51
17,2003,5886.21
17,2004,6605.05
17,2005,6939.47
17,2006,7208.33
17,2007,8164.07
17,2008,10222.71
17,2009,11277.6
17,2010,11857.87742
17,2011,13095.71882
17,2012,14590.19361
17,2013,16098.79311
17,2014,17495.93998
17,2015,19094.31347
17,2016,20604.58933
17,2017,22002.49258
17,2018,22933.07486
17,2019,25021.80174
17,2020,27448.43
